394
840
140
165
372
822
201
782
455
809
79
429
877
611
516
699
796
105
588
639
156
917
255
458
515
805
743
645
389
503
383
251
925
113
551
322
616
406
236
569
554
149
601
897
934
478
982
169
661
644
880
629
570
856
467
678
943
530
36
673
579
274
859
468
725
214
658
828
166
55
736
989
361
958
297
341
408
96
600
505
300
346
803
775
371
670
243
751
663
676
381
910
129
309
298
861
48
771
462
735
78
325
293
261
191
835
332
34
479
605
950
969
769
448
727
450
97
50
117
756
837
768
459
863
911
485
832
738
70
717
280
536
585
446
427
266
447
980
609
912
259
985
347
242
667
872
702 (2)
869
712
874
690
61
133
301
424
642
704
436
211
558
63
153
343
760
731
689
276
474
490
868
561
617
884
206
307
954
314
965
857
734
221
850
512
747
763
158
15
962
913
679
147
706
315
1
892
195
711
174
114
578
373
104
45
186
556
326
504
410
303
956
948
281
623
7
918
398
575
262
682
66
477
238
905
404
710
139
492
627
740
350
831
21
804
596
5
181
264
124
402
509
82
846
932
185
537
282
245
883
395
75
432
531
987
836
550
979
860
533
213
46
567
940
750
212
426
444
814
583
164
69
405
502
491
636
95
348
285
180
150
137
451
465
460
875
687
818
339
189
620
175
852
484
35
825
125
501
826
358
91
110
723
752
894
99
791
323
498
173
573
231
753
241
951
51
560
593
702 (6)
382
786
475
896
248
520
864
640
643
134
151
461
848
135
366
360
598
128
377
821
141
529
681
449
8
806
566
269
130
369
116
375
604
457
789
272
854
671
815
378
464
463
194
590
587
334
72
506
103
739
351
776
565
318
886
603
308
647
80
986
86
497
914
434
778
745
633
966
500
183
338
409
37
625
963
618
415
945
159
356
581
834
903
513
161
362
20
229
887
937
793
971
306
440
939
901
541
922
960
199
244
119
926
29
422
777
260
702 (3)
702 (4)
514
867
866
808
60
713
916
148
508
981
733
931
321
885
865
626
589
145
624
155
291
179
930
632
184
42
305
557
652
354
319
669
31
845
167
764
816
919
957
207 (4)
230
637
182
700
239
702
953
784
978
659
871
428
316
417
102
607
469
77
668
65
345
990
433
524
795
665
646
944
329
442
472
26
108
702 (5)
225
900
374
328
247
677
898
76
288
660
785
388
337
577
311
902
553
518
127
741
6
370
610
62
844
419
115
873
802
205
688
482
11
654
955
47
847
767
204
568
748
217
210
908
286
3
122
295
423
456
594
267
692
811
2
109
470
907
730
17
68
393
359
207
421
12
656
420
32
870
489
532
376
635
19
783
714
759
154
384
53
571
263
961
430
494
841
527
152
390
232
729
215
608
799
275
959
160
157
193
674
414
525
466
843
876
302
906
762
737
387
198
586
709
171
196
683
81
453
333
88
223
655
349
975
227
493
849
915
401
693
170
271
219
330
631
176
657
813
216
974
724
938
842
89
16
218
787
721
43
547
580
538
121
9
290
622
249
10
100
106
680
716
507
250
284
510
726
56
638
246
523
131
431
168
23
572
542
817
946
257
178
719
207 (5)
439
790
352
830
85
923
899
403
889
602
202
685
120
407
630
28
253
755
800
526
278
273
564
495
612
599
54
807
895
988
563
413
142
780
511
235
317
758
380
471
552
664
392
74
653
546
576
879
425
698
379
528
397
39
363
299
207 (2)
810
619
888
353
163
703
694
749
582
327
435
101
136
947
801
592
675
893
742
718
87
331
93
473
237
933
67
292
146
614
634
878
549
92
761
833
707
18
781
728
483
24
973
722
258
976
64
33
691
517
226
732
172
746
44
287
770
977
827
207 (6)
744
522
792
336
385
555
118
540
949
476
881
254
368
970
521
696
200
240
486
294
519
270
90
853
757
798
972
83
672
400
58
320
222
858
480
162
967
539
256
454
794
487
488
773
84
123
812
720
112
111
412
774
335
924
143
591
126
207 (3)
312
829
367
144
40
823
968
705
535
715
855
935
890
73
190
862
765
824
71
697
452
25
445
984
909
496
548
107
772
224
357
942
779
641
233
788
27
399
983
41
355
595
197
265
344
234
187
386
57
365
597
411
754
574
615
766
606
936
4
499
650
416
342
283
52
839
304
559
920
904
340
418
543
13
481
649
819
534
613
927
928
310
268
391
820
396
651
289
94
441
203
797
313
929
438
364
437
443
59
666
628
584
708
952
228
98
38
838
252
686
701
192
49
14
277
188
22
851
891
132
921
695
544
30
279
296
562
662
138
941
545
220
964
177
209
648
208
882
684
324
621
